-8.55826e+08
-1.57508e+09
-8.08421e+08
7.61096e+08
-1.82585e+09
-3.06642e+08
8.72636e+08
-6.49609e+08
-1.88574e+09
1.25283e+09
-1.14676e+08
9.72679e+07
-8.99656e+08
1.16368e+09
7.5276e+08
1.42061e+09
1.62524e+09
1.73139e+09
-8.69521e+08
-3.61642e+08
2.09954e+09
2.53036e+07
-1.79455e+09
-4.29378e+08
8.95085e+08
1.05514e+09
1.49184e+09
1.45406e+09
8.95472e+08
1.96275e+09
-1.8891e+09
6.85823e+08
1.63359e+09
1.89307e+09
-9.08137e+08
2.10771e+09
4.42249e+08
2.04479e+09
-1.79287e+09
-3.11734e+08
-6.71256e+08
-1.89752e+09
5.83598e+08
1.97533e+09
9.81113e+08
-1.31471e+09
1.87907e+09
1.41947e+09
1.14677e+09
-9.32401e+08
-9.23668e+08
3.20886e+08
1.30575e+09
2.08079e+09
1.26714e+09
-1.13946e+09
9.62568e+08
-1.54671e+09
-1.17061e+09
-6.63505e+08
1.96114e+09
-1.19823e+09
-1.82343e+09
1.15077e+09
2.08551e+09
-2.01826e+09
1.62116e+09
9.10739e+08
1.44852e+09
4.3345e+08
-1.71661e+09
-1.16604e+09
-1.85033e+08
2.08775e+09
-1.96807e+08
-1.27449e+09
-4.01441e+08
1.31596e+09
-5.40163e+08
-1.79656e+09
-8.79277e+08
-6.54322e+08
4.96879e+08
9.42012e+08
-1.17345e+09
9.09936e+08
2.04581e+09
9.55608e+08
-8.15981e+08
-1.83387e+09
1.86421e+09
7.08463e+08
-1.03203e+09
8.95397e+08
1.75708e+09
-7.46357e+07
-1.10843e+08
1.0168e+09
-9.51035e+07
-3.24916e+08
8.94357e+08
-2.11153e+09
3.40538e+08
1.0067e+09
-1.96029e+09
1.60793e+09
3.18133e+08
-1.78294e+09
-1.88041e+09
2.10103e+09
1.70892e+09
1.35946e+09
-7.99583e+08
1.78418e+09
-1.09489e+09
1.61947e+09
5.12701e+08
8.80149e+07
6.68259e+08
-1.86009e+09
-1.0189e+09
-1.30935e+09
-1.66219e+09
-2.69991e+08
6.55883e+08
1.68665e+09
1.43191e+09
1.73253e+09
-1.94786e+09
-1.57818e+09
8.30352e+08
1.5769e+09
1.65139e+09
-1.32777e+09
-3.5142e+08
-1.08907e+09
-1.35037e+09
-8.50784e+08
-2.03019e+09
-1.69546e+08
-1.53248e+09
-1.5979e+08
-9.14115e+08
7.27542e+08
-1.12676e+09
-8.30559e+08
-2.14627e+09
-2.01081e+09
-5.2713e+08
1.21591e+09
1.16657e+09
1.22675e+09
1.87595e+09
7.05529e+08
1.26577e+09
-2.09956e+09
9.92951e+08
-9.44515e+08
9.17419e+08
1.94967e+09
-5.33907e+08
-1.53878e+07
7.92473e+08
4.67648e+08
9.66139e+08
1.35304e+09
9.41876e+08
1.46605e+09
-2.40539e+08
-6.00903e+08
-1.22834e+09
-2.10577e+09
1.67099e+09
-9.10538e+08
-5.19228e+08
-2.27523e+08
-1.9983e+09
1.40906e+09
-4.27251e+08
5.449e+07
-1.30962e+08
1.14671e+09
2.06522e+09
7.88533e+08
2.27011e+08
-4.5379e+08
5.70443e+08
3.95402e+08
-1.98742e+09
-7.21567e+08
1.27366e+09
-1.30012e+09
1.09544e+09
-6.42952e+08
-2.28777e+08
-2.97376e+07
-1.72655e+09
9.78458e+08
2.11013e+09
8.36942e+08
-9.42832e+08
-1.36283e+09
9.36559e+07
1.14314e+09
1.78518e+09
2.10562e+09
1.20537e+09
1.65234e+09
-1.90447e+09
-1.54684e+09
1.85972e+09
9.41933e+06
-7.79428e+08
-1.58022e+09
1.87464e+08
4.82493e+08
-1.09156e+09
-1.40941e+08
4.43167e+08
1.61409e+09
-9.26126e+08
1.9723e+09
-1.25288e+09
5.69111e+08
9.67236e+08
7.82215e+08
1.91609e+08
-3.15525e+08
7.87894e+08
3.39897e+08
6.07859e+08
2.8622e+08
5.48207e+08
1.98546e+09
1.02857e+09
2.02262e+09
5.3881e+08
1.84409e+09
-1.01715e+08
1.16885e+09
-1.98406e+09
1.68065e+09
8.69153e+08
6.7345e+08
-1.98499e+09
1.30585e+09
2.11938e+09
-1.23465e+09
3.44477e+08
-2.14702e+09
-1.17557e+09
-4.07704e+08
5.23819e+08
-3.8005e+08
-3.38981e+08
2.05062e+09
2.26382e+08
-2.60113e+08
-8.40057e+08
-1.14092e+09
-6.26785e+08
-1.17933e+09
1.61254e+09
-1.41723e+09
4.31946e+08
-9.48938e+08
-3.01927e+08
1.80746e+09
1.11686e+09
1.59112e+09
1.23078e+09
-1.86403e+09
-1.09766e+09
-5.77043e+08
-1.90469e+09
1.26478e+09
1.29456e+09
-1.4891e+09
-6.87796e+08
-6.16154e+08
5.07066e+08
-2.18511e+08
1.67801e+09
1.87979e+09
6.06601e+08
1.48737e+09
1.99264e+09
-1.78347e+09
1.05837e+09
1.18746e+08
5.86592e+07
3.60818e+08
-1.08541e+09
1.46417e+09
1.4333e+09
-3.47988e+08
-1.81351e+09
-2.09415e+09
-1.405e+09
1.10932e+09
-1.70956e+09
7.56797e+08
1.68827e+08
-3.81163e+08
-1.18531e+09
-1.32202e+09
-2.08632e+09
2.88867e+08
-4.0313e+08
1.19687e+09
1.07326e+08
-1.64717e+09
5.19194e+08
-2.07645e+09
-3.47079e+08
-4.12118e+08
1.41066e+09
6.39478e+08
1.68648e+09
-1.53638e+09
-1.98813e+09
1.89342e+09
-1.82935e+09
8.88609e+08
1.51009e+09
1.45932e+09
1.46858e+09
6.05951e+08
-4.7615e+08
1.49155e+09
-1.81497e+09
-1.60996e+09
3.56582e+08
-1.08538e+08
1.87854e+09
3.61125e+08
-1.10488e+09
1.7025e+09
7.51676e+08
1.34924e+09
6.01612e+07
1.26383e+09
1.46513e+09
-6.03598e+08
-7.53045e+08
9.33526e+08
1.35663e+09
-5.75452e+08
5.75896e+08
-1.68872e+08
1.73036e+09
1.41523e+09
3.28394e+08
-1.43943e+09
1.29947e+09
7.32016e+08
1.75249e+09
-2.12761e+09
1.41107e+08
-2.03788e+09
-8.81896e+07
741807
4.53832e+08
1.30679e+09
1.82304e+08
-1.62622e+09
-8.56422e+08
7.44139e+08
-2.0162e+09
-1.07667e+09
1.62187e+09
-1.15015e+09
6.37323e+06
1.45253e+09
-9.39433e+08
-1.61943e+09
-2.11253e+09
1.29147e+09
7.48145e+08
-5.62723e+08
1.97057e+08
-5.34405e+08
-1.61276e+08
1.12273e+09
-1.65009e+09
7.76397e+08
-3.13279e+08
5.70553e+06
1.19974e+09
-1.56049e+09
6.66004e+08
6.55197e+08
1.48834e+09
1.59223e+09
-7.08847e+08
-8.95185e+08
-7.27795e+07
4.15112e+08
2.05561e+09
-1.97202e+09
7.19846e+08
-1.01246e+09
1.55681e+09
1.93609e+09
3.03085e+08
-1.77087e+07
2.87728e+08
1.90814e+09
-5.37357e+08
8.34268e+07
1.96363e+09
-1.32592e+09
4.19599e+08
1.58698e+09
-1.9933e+09
1.0998e+09
1.413e+09
8.16635e+08
7.35442e+08
-1.72594e+09
5.04938e+08
-2.12278e+09
1.9669e+09
7.85808e+08
1.46598e+09
-1.8743e+09
-2.18704e+08
7.22919e+08
-1.51459e+09
1.6036e+09
-1.58862e+09
1.66628e+09
-1.1007e+09
-6.22029e+08
-1.9862e+09
4.58703e+08
1.07553e+09
-1.21085e+09
-1.87379e+09
-2.01391e+09
-7.14279e+08
1.31083e+08
1.38898e+08
1.77293e+09
-4.79692e+08
9.20118e+08
-1.87079e+09
2.14409e+08
-1.8866e+09
-1.58411e+09
-5.94451e+08
-1.52761e+08
1.10177e+09
-1.52112e+09
2.09037e+09
-1.57268e+09
-2.5096e+08
1.16935e+09
2.04212e+09
-6.19509e+07
3.41849e+08
-1.90164e+09
1.75211e+09
1.07338e+09
3.12731e+07
1.71381e+09
1.07541e+09
-5.62276e+08
-1.02588e+09
-1.12147e+08
-1.28361e+09
8.69384e+08
-2.11026e+09
-4.1848e+08
1.14087e+09
1.66712e+09
-1.41405e+09
-1.33974e+08
1.73347e+09
-1.21686e+09
-2.08054e+09
-6.82984e+08
1.35966e+09
1.27338e+09
6.28446e+08
8.42534e+08
9.04209e+07
7.63391e+07
-9.07933e+08
-1.19451e+09
-9.01724e+08
-1.52341e+09
-1.2978e+09
1.09025e+09
-6.42936e+08
-1.33967e+09
-6.29049e+08
-1.66255e+09
-7.88098e+08
2.02194e+08
-1.86692e+09
9.48474e+08
-1.71772e+09
1.82771e+09
5.3413e+08
-1.70472e+09
-6.38403e+08
-6.07334e+08
7.51813e+08
-6.34954e+08
9.81644e+08
9.32822e+08
-8.55459e+08
1.22765e+09
-1.97118e+09
-8.83233e+08
-1.56245e+09
1.65466e+09
1.2864e+09
4.00775e+08
-1.52968e+09
-1.62448e+09
7.48569e+08
-4.02918e+08
-1.35422e+09
-9.91057e+08
-2.07386e+09
9.31617e+08
2.14453e+08
1.86283e+09
1.14482e+09
-1.16015e+09
-1.92994e+09
-1.39637e+09
1.58691e+08
-1.13408e+09
-1.54511e+09
-1.1362e+09
1.20142e+09
-6.33611e+08
-8.07893e+08
-7.61381e+08
1.98568e+09
-1.48501e+09
-7.34472e+08
-2.04194e+09
2.662e+08
-1.41907e+09
1.69136e+09
1.79363e+09
-4.80501e+07
8.58845e+08
-1.04285e+09
-1.06637e+09
-5.46295e+07
-1.5501e+09
-3.47134e+08
1.34049e+08
-1.52355e+09
-1.46553e+09
-1.91338e+09
-7.56729e+08
1.87082e+09
2.05188e+09
-7.37593e+08
1.07258e+09
-8.74546e+08
-1.33659e+09
1.68456e+09
8.57086e+08
-1.52954e+09
-1.88151e+09
-1.48637e+09
-1.23693e+09
9.09164e+08
-1.13548e+09
1.45504e+09
-6.90447e+08
-2.20817e+08
-1.63035e+09
1.44732e+09
-1.33374e+09
-2.05324e+09
-3.44468e+08
1.13176e+09
1.18187e+09
-2.06012e+08
-1.53465e+09
-7.89567e+08
-1.28216e+09
-9.67757e+08
-1.67145e+09
1.46085e+09
-1.18615e+09
-1.11793e+09
-5.40877e+08
7.63696e+08
-6.03273e+08
-1.04871e+09
5.84802e+08
-2.73136e+08
1.57966e+09
1.09223e+09
2.06228e+09
1.27702e+09
-1.26667e+09
-2.03723e+08
-1.37802e+09
3.6753e+08
8.15986e+08
-1.17423e+09
2.09661e+09
4.67962e+08
-7.10168e+08
6.8787e+07
-5.64439e+08
1.58962e+09
7.33213e+07
1.55993e+09
-9.1907e+08
-1.31056e+08
-1.52351e+09
1.12319e+09
-8.75628e+08
-1.37263e+09
2.0239e+09
1.57975e+09
1.91878e+09
5.91391e+08
7.35812e+08
1.88427e+09
-6.56381e+08
-1.51556e+09
1.37737e+09
-2.43664e+08
-1.81377e+09
7.74748e+08
6.51406e+08
-1.11295e+09
1.78594e+09
-1.40661e+09
6.00003e+08
7.38901e+08
1.2389e+09
-1.6364e+09
2.89514e+08
2.14467e+09
1.24196e+09
1.72006e+09
2.10976e+09
-1.70993e+08
1.09681e+09
-6.37077e+08
8.51139e+08
5.22537e+08
1.43487e+09
9.6455e+07
2.00925e+09
1.8941e+09
-2.95066e+08
-1.35566e+09
-1.24702e+09
1.67913e+09
2.6746e+07
7.65546e+08
3.44646e+08
-5.979e+08
1.10869e+08
-7.83936e+08
1.35926e+09
-3.45768e+08
4.21699e+06
-5.40395e+08
1.82267e+09
1.7441e+09
4.00088e+08
-1.90659e+09
1.63432e+09
-1.3736e+09
1.98999e+09
1.47528e+09
1.41256e+09
2.19991e+08
-4.34925e+07
8.3347e+08
3.14866e+08
-1.86455e+09
1.22778e+08
1.22069e+09
-1.78171e+09
2.09722e+09
9.62714e+08
2.02153e+09
1.27752e+09
8.84624e+08
1.10172e+09
3.13901e+08
-7.77872e+08
1.0827e+09
-1.25348e+09
-1.94294e+09
-9.16539e+08
-9.80068e+08
3.37858e+08
4.45524e+08
-8.52676e+08
1.07419e+09
-6.57063e+08
1.73433e+09
-1.33407e+09
-1.28737e+09
6.07524e+08
4.09898e+08
-1.46768e+09
-1.55005e+09
-1.4713e+09
-5.87965e+08
7.61154e+08
1.49864e+09
2.01281e+09
4.05946e+07
6.89299e+08
4.78274e+08
1.71438e+08
-8.98692e+07
2.96271e+08
-1.98646e+08
-1.51883e+09
-1.85421e+09
-7.40227e+08
-3.00384e+08
1.7242e+09
-4.00827e+08
1.91852e+09
-6.55706e+08
-1.21503e+09
-9.47901e+07
1.21793e+09
-1.81397e+09
4.80729e+08
-2.05971e+09
5.45887e+08
-1.89647e+09
7.52742e+07
1.16974e+08
1.97514e+09
-1.75801e+09
5.58081e+08
-8.56262e+08
7.51873e+08
1.52245e+09
2.08704e+09
-6.68953e+08
1.57957e+09
5.15307e+08
-1.99474e+09
1.89876e+09
1.23723e+09
2.08132e+09
3.68459e+08
4.51908e+08
1.66542e+09
4.58899e+08
-4.80067e+07
1.36767e+09
1.09013e+09
1.14504e+09
-6.73531e+08
-2.07238e+09
-9.39421e+08
6.69029e+07
-2.03e+09
-6.52332e+08
5.74892e+08
-4.68179e+08
-1.28098e+09
-1.76752e+09
-8.26061e+08
1.95657e+09
1.2658e+09
1.49533e+09
-2.11461e+09
1.13402e+08
-6.91981e+08
1.83641e+09
-1.91264e+09
-1.52745e+09
-9.73867e+08
1.11717e+08
-1.00212e+09
8.19669e+08
3.53763e+08
-1.06756e+09
2.05558e+09
-2.60136e+08
-1.66633e+09
8.55524e+08
-3.44436e+08
-1.02993e+09
2.09425e+09
-9.29903e+08
3.04339e+08
-4.77844e+08
8.56631e+08
-1.62247e+09
2.12596e+09
-1.00889e+09
8.00643e+07
1.07781e+09
5.37711e+08
3.15401e+08
-2.19056e+08
1.49172e+09
1.10993e+08
-1.94125e+09
-7.18003e+08
-1.74321e+08
2.73552e+08
-1.84192e+09
5.11719e+08
8.54028e+08
-1.83782e+09
-1.29522e+09
6.52075e+08
1.62144e+09
-8.5561e+08
7.92875e+08
1.2564e+09
-1.61053e+09
-1.32556e+09
-1.87672e+09
6.56505e+08
-6.57959e+08
-3.83961e+08
2.09454e+08
2.05074e+08
2.13746e+09
2.09524e+09
1.77364e+09
2.59641e+08
-9.48195e+08
1.32622e+09
-1.88775e+08
-1.96787e+08
-1.40746e+09
2.62199e+08
1.0138e+09
7.43433e+08
1.79631e+09
-6.51468e+08
-7.41442e+08
1.69487e+09
1.6957e+09
-3.38348e+08
1.5248e+09
-9.5534e+08
-6.84339e+08
-1.68766e+09
-1.75749e+08
6.71219e+08
7.64498e+08
1.22016e+09
-1.03515e+09
-6.51362e+08
1.76758e+09
1.75197e+08
1.4765e+09
-1.85446e+08
-2.1052e+09
-1.35744e+09
-2.07248e+09
-6.63375e+08
-1.90934e+09
3.55049e+07
-9.19271e+08
4.10893e+08
-5.87345e+08
2.50174e+08
1.21842e+08
7.72671e+08
-1.52811e+09
-1.31546e+09
-5.28984e+08
1.54587e+09
-2.32869e+08
1.23381e+08
2.08457e+09
1.50052e+08
6.74708e+08
1.49524e+09
-3.77877e+08
-1.09843e+09
3.07217e+08
-1.2043e+09
1.12507e+08
-1.2077e+09
-1.88537e+09
1.78093e+09
4.54637e+08
-1.04235e+09
-2.26155e+08
-7.2444e+08
-2.11687e+09
-1.91942e+09
-2.68302e+07
-2.02791e+09
8.41144e+08
1.9708e+09
2.74066e+08
-3.18246e+08
1.55028e+09
7.3202e+07
2.00716e+09
2.11046e+09
1.66021e+09
1.82436e+09
1.77831e+09
6.14111e+08
-1.75914e+09
-1.63804e+09
-1.46969e+09
-5.00996e+08
-1.5174e+09
6.45532e+07
-1.60225e+09
3.281e+08
-1.76214e+09
5.90567e+08
1.7891e+08
1.76652e+08
-2.19869e+08
-1.00421e+09
1.62303e+09
-1.82232e+09
1.74611e+09
-8.34354e+08
-7.1751e+08
-5.56844e+08
2.1785e+08
1.46537e+09
7.70958e+08
2.02083e+09
-1.70138e+09
1.93431e+09
-1.73368e+09
4.35931e+08
-2.52137e+07
6.58894e+08
-1.64912e+09
-4.72566e+08
1.46578e+09
1.03146e+09
-1.40176e+09
-1.2557e+09
-9.71448e+07
2.10813e+09
6.1142e+08
1.73003e+09
-6.23328e+08
-3.93335e+08
-7.75298e+08
1.48178e+09
9.36834e+08
-1.67427e+09
1.94207e+09
1.61136e+09
-5.05544e+08
-3.97106e+07
1.12945e+09
1.15619e+09
-1.59056e+09
-6.02007e+08
-1.7526e+09
-1.59915e+09
-6.72471e+08
3.98873e+07
1.80002e+09
-2.661e+08
3.29497e+08
-5.41761e+08
-1.73414e+09
-7.29708e+08
-8.14568e+08
1.98348e+09
-2.36956e+08
1.33317e+08
1.42731e+08
7.11844e+08
8.10253e+08
-1.6094e+08
3.91016e+08
-1.3744e+09
-1.09129e+09
-1.01219e+09
4.437e+08
-4.97706e+08
3.41762e+08
2.80386e+08
3.74251e+08
-1.13876e+09
-5.1285e+08
1.32306e+09
1.85139e+09
-1.76999e+09
-8.41697e+08
-3.84643e+08
7.61224e+08
-2.97014e+08
-1.50723e+09
-1.81705e+09
3.21782e+08
-8.14269e+08
-4.15902e+08
-1.76921e+09
-4.85539e+08
-6.44606e+08
-1.5538e+09
-1.43597e+09
6.47809e+08
-6.82634e+08
2.07263e+09
2.96191e+08
-1.33061e+09
-1.08927e+09
